1.000000 0.000000 0.000000 -0.000000 -0.000000 1.000000 -0.000000 -0.000000 -0.000000 0.000000 1.000000 -0.000000
0.985447 -0.065686 -0.156776 -0.009997 0.073627 0.996252 0.045389 -0.006545 0.153207 -0.056272 0.986591 0.022943
0.863121 -0.132965 -0.487178 0.006913 0.157465 0.987479 0.009464 -0.003241 0.479820 -0.084882 0.873251 0.041961
0.749380 -0.073886 -0.658005 -0.038781 0.110587 0.993763 0.014357 -0.013422 0.652840 -0.083525 0.752877 0.122498
0.705330 -0.027320 -0.708352 0.053749 0.052213 0.998545 0.013477 0.000758 0.706954 -0.046491 0.705730 -0.052236
0.930709 -0.012825 -0.365535 -0.060258 0.031153 0.998533 0.044288 -0.003552 0.364431 -0.052607 0.929743 0.066271
0.979423 0.091790 -0.179735 -0.022279 -0.085421 0.995422 0.042873 0.000540 0.182847 -0.026638 0.982780 0.032349
0.976605 0.205001 -0.064946 -0.000144 -0.202023 0.978125 0.049586 -0.085800 0.073690 -0.035306 0.996656 0.012168
0.976265 0.191314 -0.101516 -0.005563 -0.189782 0.981517 0.024629 -0.202052 0.104351 -0.004779 0.994529 -0.010226
0.977653 0.120810 -0.172047 -0.022168 -0.132414 0.989519 -0.057604 -0.302749 0.163285 0.079099 0.983403 -0.021469
0.908125 0.115604 -0.402423 -0.020246 -0.113593 0.993105 0.028950 -0.343409 0.402996 0.019422 0.914996 0.027897
0.774902 0.130245 -0.618516 -0.023802 -0.100520 0.991480 0.082846 -0.349821 0.624037 -0.002024 0.781392 0.056991
0.695174 0.187063 -0.694075 -0.019967 -0.120845 0.982217 0.143684 -0.365362 0.708611 -0.016010 0.705418 0.113915
0.773583 0.244468 -0.584641 0.026531 -0.221209 0.968730 0.112377 -0.375525 0.593832 0.042395 0.803472 0.080428
0.875914 0.227265 -0.425588 0.045280 -0.230792 0.972005 0.044052 -0.365055 0.423685 0.059636 0.903844 0.061747
0.895434 0.342817 -0.284034 0.047496 -0.352445 0.935656 0.018194 -0.376048 0.271995 0.083814 0.958642 0.045729
0.908732 0.380109 -0.172407 0.082546 -0.400678 0.910149 -0.105289 -0.471621 0.116895 0.164759 0.979383 0.000614
0.806218 0.405138 -0.431134 0.155631 -0.451835 0.892077 -0.006642 -0.529027 0.381913 0.200156 0.902264 0.103165
0.723101 0.417376 -0.550383 0.175523 -0.451488 0.888620 0.080701 -0.523440 0.522764 0.190136 0.831003 0.164892
0.630130 0.453650 -0.630189 0.191086 -0.479878 0.865561 0.143252 -0.560303 0.610453 0.212146 0.763113 0.203032
0.676143 0.503896 -0.537513 0.210546 -0.545684 0.832682 0.094183 -0.648474 0.495036 0.229631 0.837979 0.157903
0.759283 0.490579 -0.427576 0.219303 -0.526553 0.849232 0.039322 -0.748102 0.382402 0.195285 0.903124 0.131635
0.847895 0.467441 -0.250146 0.282230 -0.483786 0.875175 -0.004425 -0.882549 0.216853 0.124769 0.968198 0.100798
0.887641 0.449226 -0.101438 0.238592 -0.455962 0.888208 -0.056439 -0.911681 0.064744 0.096350 0.993240 0.027708
0.905433 0.415266 0.088004 0.225265 -0.408294 0.908687 -0.087080 -0.934669 -0.116129 0.042914 0.992307 -0.019685
0.845894 0.530746 0.052641 0.213404 -0.520643 0.843125 -0.134430 -0.939830 -0.115731 0.086307 0.989524 -0.033970
0.707034 0.705543 -0.048090 0.275500 -0.700742 0.689821 -0.181958 -0.980561 -0.095206 0.162349 0.982130 -0.005244
0.651215 0.738379 -0.175259 0.322616 -0.757542 0.646262 -0.092069 -0.987606 0.045281 0.192723 0.980208 0.033160
0.692837 0.666493 -0.275253 0.336655 -0.692573 0.721340 0.003372 -1.045445 0.200798 0.188296 0.961366 0.060921
0.672319 0.629764 -0.389080 0.335126 -0.643852 0.756840 0.112462 -1.053015 0.365296 0.174900 0.914313 0.111474
0.612756 0.622075 -0.487393 0.338948 -0.603128 0.766640 0.220227 -1.068561 0.510653 0.159015 0.844954 0.135135
0.470356 0.668858 -0.575669 0.332870 -0.616938 0.715662 0.327438 -1.077149 0.630994 0.201139 0.749260 0.168702
0.569363 0.705923 -0.421305 0.322231 -0.708390 0.681338 0.184287 -1.140282 0.417144 0.193522 0.887998 0.177008
0.664213 0.637725 -0.390036 0.313250 -0.673065 0.737212 0.059175 -1.247679 0.325276 0.223215 0.918896 0.109801
0.716903 0.603303 -0.349392 0.314710 -0.658204 0.750904 -0.053938 -1.300676 0.229819 0.268640 0.935423 0.066309
0.735647 0.637912 -0.227799 0.324827 -0.665758 0.742917 -0.069568 -1.422011 0.124857 0.202836 0.971220 0.045855
0.817438 0.545505 -0.184983 0.309328 -0.563792 0.823521 -0.062871 -1.549562 0.118041 0.155685 0.980729 0.038991
0.875619 0.447601 -0.181507 0.251830 -0.464394 0.883483 -0.061622 -1.678296 0.132776 0.138248 0.981457 0.032206
0.881633 0.444853 -0.157572 0.324301 -0.454564 0.890204 -0.030141 -1.903534 0.126863 0.098200 0.987047 0.055103
0.905398 0.423686 0.027303 0.332140 -0.420646 0.903901 -0.077583 -1.924163 -0.057550 0.058759 0.996612 0.047055
0.938563 0.331165 0.097108 0.309171 -0.320334 0.940674 -0.111887 -1.978082 -0.128400 0.073906 0.988965 -0.018987
0.949492 0.239874 -0.202301 0.332912 -0.251208 0.967405 -0.031958 -2.041710 0.188041 0.081163 0.978802 0.071128
0.903730 0.107815 -0.414304 0.367688 -0.145213 0.987594 -0.059754 -2.114853 0.402722 0.114164 0.908175 0.122441
0.798392 0.188196 -0.571973 0.330774 -0.215654 0.976261 0.020197 -2.126517 0.562196 0.107223 0.820024 0.201792
0.715863 0.173635 -0.676307 0.338928 -0.192077 0.980188 0.048343 -2.110691 0.671303 0.095296 0.735031 0.265701
0.607317 0.192266 -0.770844 0.296064 -0.200497 0.975960 0.085463 -2.136282 0.768744 0.102649 0.631265 0.316725
0.613227 0.309205 -0.726873 0.287061 -0.326365 0.937165 0.123323 -2.146953 0.719332 0.161601 0.675609 0.323398
0.658358 0.442539 -0.608871 0.298418 -0.492145 0.865131 0.096650 -2.174553 0.569525 0.236023 0.787359 0.280249
0.697083 0.535926 -0.476297 0.267324 -0.569318 0.817537 0.086663 -2.186511 0.435835 0.210754 0.875003 0.248704
0.754187 0.588877 -0.290562 0.253464 -0.613461 0.789683 0.008127 -2.194939 0.234238 0.172119 0.956822 0.233079
0.806040 0.583448 -0.099438 0.273707 -0.590588 0.803887 -0.070511 -2.210312 0.038798 0.115562 0.992542 0.260216
0.808434 0.588392 0.015182 0.288092 -0.582112 0.803089 -0.127252 -2.203105 -0.087067 0.094037 0.991754 0.277277
0.803315 0.595286 -0.017860 0.218221 -0.587364 0.786955 -0.188961 -2.351779 -0.098431 0.162285 0.981822 0.192041
0.859778 0.509886 -0.028250 0.291885 -0.509785 0.853727 -0.106155 -2.450046 -0.030009 0.105671 0.993948 0.285442
0.870986 0.489030 0.047246 0.341831 -0.485982 0.871673 -0.063307 -2.518198 -0.072142 0.032178 0.996875 0.382527
0.940887 0.337224 -0.031806 0.323580 -0.334569 0.939905 0.068131 -2.644814 0.052870 -0.053462 0.997169 0.455932
0.829765 0.488775 -0.269424 0.322427 -0.480315 0.871229 0.101279 -2.685979 0.284233 0.045371 0.957681 0.476817
0.678203 0.612096 -0.406669 0.351182 -0.593173 0.782637 0.188747 -2.734226 0.433805 0.113216 0.893865 0.495715
0.495271 0.738802 -0.457033 0.341381 -0.719516 0.643658 0.260770 -2.767644 0.486830 0.199691 0.850365 0.459954
0.471201 0.793240 -0.385667 0.377575 -0.817093 0.557235 0.147810 -2.799561 0.332156 0.245478 0.910721 0.405318
0.483674 0.826418 -0.288258 0.359247 -0.847826 0.524176 0.080196 -2.744812 0.217373 0.205604 0.954188 0.353208
0.466044 0.855826 -0.224419 0.353800 -0.874921 0.483514 0.026967 -2.676811 0.131589 0.183781 0.974119 0.311283
0.451972 0.874531 -0.175833 0.337491 -0.891652 0.448669 -0.060439 -2.587869 0.026035 0.184099 0.982563 0.246782
0.336789 0.935061 -0.110604 0.401631 -0.933474 0.316198 -0.169247 -2.554867 -0.123283 0.160247 0.979348 0.176717
0.182071 0.955947 -0.230250 0.520346 -0.981953 0.188957 0.008025 -2.719760 0.051179 0.224633 0.973099 0.240491
0.033879 0.957810 -0.285397 0.606298 -0.973877 0.095794 0.205884 -2.798462 0.224537 0.270967 0.936034 0.328170
-0.178823 0.954578 -0.238333 0.665917 -0.914261 -0.071718 0.398728 -2.873387 0.363524 0.289200 0.885558 0.377970
-0.298353 0.942042 -0.153436 0.695271 -0.822438 -0.172166 0.542175 -2.915651 0.484335 0.287951 0.826138 0.374699
-0.387836 0.903879 -0.180516 0.579488 -0.900845 -0.330254 0.281800 -3.032914 0.195097 0.271909 0.942339 0.305962
-0.381341 0.899354 -0.213874 0.561838 -0.923835 -0.379087 0.053130 -3.078351 -0.033294 0.217845 0.975415 0.262078
-0.466454 0.839736 -0.277966 0.593041 -0.870033 -0.492249 -0.027084 -3.120459 -0.159571 0.229206 0.960209 0.226210
-0.578594 0.752090 -0.315579 0.664817 -0.797074 -0.603432 0.023283 -3.184104 -0.172919 0.265011 0.948614 0.230836
-0.640493 0.654673 -0.401463 0.729100 -0.711306 -0.702793 -0.011242 -3.263129 -0.289505 0.278363 0.915806 0.209993
-0.726187 0.508662 -0.462510 0.753692 -0.560709 -0.827481 -0.029683 -3.325549 -0.397817 0.237779 0.886117 0.197581
-0.824374 0.415347 -0.384570 0.671195 -0.493324 -0.860329 0.128321 -3.117168 -0.277559 0.295502 0.914133 0.245042
-0.878477 0.400723 -0.260190 0.651710 -0.440682 -0.889980 0.117198 -2.947587 -0.184600 0.217617 0.958418 0.277611
-0.854523 0.467345 -0.226669 0.646573 -0.502382 -0.854486 0.132164 -2.724133 -0.131920 0.226811 0.964963 0.292397
-0.733904 0.629835 -0.254347 0.637076 -0.663948 -0.744218 0.072893 -2.477497 -0.143379 0.222369 0.964362 0.259991
-0.714875 0.637046 -0.288316 0.627712 -0.666399 -0.745579 0.004938 -2.359358 -0.211817 0.195664 0.957523 0.218471
-0.560135 0.773620 -0.296243 0.608694 -0.802631 -0.595325 -0.037042 -2.168796 -0.205018 0.217025 0.954394 0.184687
-0.332735 0.887874 -0.317752 0.531725 -0.921629 -0.377533 -0.089831 -2.147042 -0.199721 0.262960 0.943909 0.158098
-0.320007 0.889968 -0.324888 0.467274 -0.927040 -0.364875 -0.086393 -1.945006 -0.195430 0.273538 0.941798 0.132711
-0.291272 0.907888 -0.301497 0.447907 -0.912729 -0.358128 -0.196644 -1.715130 -0.286506 0.217908 0.932969 0.081058
-0.197596 0.945160 -0.260054 0.387804 -0.955680 -0.244796 -0.163554 -1.589825 -0.218245 0.216211 0.951642 0.100740
-0.229652 0.924327 -0.304763 0.534933 -0.935505 -0.296023 -0.192875 -1.492840 -0.268496 0.240813 0.932695 0.082376
-0.418671 0.845992 -0.330171 0.734764 -0.834826 -0.501644 -0.226760 -1.372761 -0.357465 0.180697 0.916279 0.054366
-0.544640 0.770344 -0.331568 0.806426 -0.767351 -0.617266 -0.173652 -1.236777 -0.338437 0.159851 0.927312 0.062305
-0.590168 0.730501 -0.343614 0.783414 -0.757650 -0.648147 -0.076629 -1.067374 -0.278690 0.215115 0.935979 0.084949
-0.695865 0.590732 -0.408422 0.767275 -0.616681 -0.782957 -0.081757 -0.929244 -0.368073 0.194974 0.909124 0.059289
-0.594593 0.653163 -0.468869 0.761662 -0.661022 -0.729095 -0.177402 -0.769429 -0.457722 0.204450 0.865269 -0.007883
-0.569496 0.676086 -0.467528 0.635173 -0.710273 -0.691034 -0.134110 -0.697886 -0.413747 0.255697 0.873746 0.065297
-0.606121 0.639239 -0.473276 0.540589 -0.685857 -0.721380 -0.095974 -0.770644 -0.402762 0.266428 0.875671 0.074349
-0.517670 0.730412 -0.445552 0.436283 -0.790905 -0.607150 -0.076404 -0.734161 -0.326324 0.312837 0.891990 0.080020
-0.618111 0.633753 -0.465077 0.492743 -0.707926 -0.705970 -0.021146 -0.544338 -0.341731 0.316169 0.885018 0.065213
-0.657593 0.578106 -0.483078 0.601974 -0.643614 -0.764376 -0.038615 -0.463959 -0.391577 0.285523 0.874725 0.058803
-0.513197 0.720101 -0.466994 0.691704 -0.755464 -0.637223 -0.152385 -0.289183 -0.407312 0.274594 0.871031 0.023997
-0.622172 0.632972 -0.460704 0.706930 -0.681174 -0.727744 -0.079952 -0.165137 -0.385881 0.264076 0.883945 0.036205
-0.730141 0.468284 -0.497599 0.747534 -0.526530 -0.849725 -0.027072 -0.110427 -0.435500 0.242234 0.866985 0.037389
-0.764037 0.354570 -0.539007 0.768177 -0.430665 -0.902354 0.016877 -0.074147 -0.480391 0.245026 0.842132 0.018789
-0.724720 0.342579 -0.597848 0.755165 -0.419406 -0.907723 -0.011733 0.031951 -0.546700 0.242238 0.801524 -0.036654
-0.629750 0.378456 -0.678370 0.930300 -0.438249 -0.894134 -0.091990 0.051588 -0.641368 0.239364 0.728939 -0.083517
-0.608040 0.503674 -0.613678 0.928433 -0.498897 -0.843705 -0.198154 0.094306 -0.617568 0.185676 0.764287 -0.077793
-0.606715 0.596793 -0.525105 0.824941 -0.585687 -0.782236 -0.212314 0.206030 -0.537464 0.178733 0.824128 -0.063350
-0.603128 0.646098 -0.467755 0.661927 -0.651447 -0.737385 -0.178549 0.265713 -0.460276 0.197029 0.865636 -0.045978
-0.648514 0.538556 -0.537947 0.598714 -0.560032 -0.816211 -0.141998 0.221504 -0.515552 0.209179 0.830933 -0.063911
-0.756358 0.360286 -0.546001 0.626431 -0.417183 -0.908565 -0.021619 0.043577 -0.503866 0.211430 0.837506 -0.122854
-0.817929 0.201414 -0.538911 0.500389 -0.271157 -0.961111 0.052339 -0.038378 -0.507411 0.188939 0.840735 -0.208195
-0.840319 0.092035 -0.534223 0.490805 -0.171858 -0.979877 0.101517 -0.043665 -0.514130 0.177118 0.839226 -0.256180
